Midi file name	BWV	K	B	EMB	R
000106b_.mid	1.6	378		375	
000206b_.mid	2.6	7	262	5	262
000306b_.mid	3.6	8	156	8	156
000306bv.mid	3.6v		307		
000306bv.mid	3.6				308
000408b_.mid	4.8	41		36	184
000408bv.mid	4.8v		184		
000507b_.mid	5.7	28	303	25	304
000606b_.mid	6.6	79	72	80	72
000707b_.mid	7.7	44		41	
000806b_.mid	8.6	227	43	224	43
000907b_.mid	9.7	87	289	87	290
001007b_.mid	10.7	122	357	238	358
001106b_.mid	11.6	82	342	81	343
001207b_.mid	12.7	340		338	
001306b_.mid	13.6	295	103	289	103
001405b_.mid	14.5	330	182	330	182
001606b_.mid	16.6	125	99	123	99
001707b_.mid	17.7	271	6	269	7
001805b_.mid	18.5	73	100	74	100
001805ba.mid	18a.5		126		126
001907b_.mid	19.7	99	297	99	298
001907ch.mid	19.7ch		297		
002007b_.mid	20.7	276	26	275	26
002011b_.mid	20.11	276	26	275	26
002406b_.mid	24.6		336		
002406bs.mid	24.6s		336		337
002506b_.mid	25.6	101		100	254
002506b_.mid	25.6	101		100	282
002506v1.mid	25.6v1		254		
002506v2.mid	25.6v2		282		
002606b_.mid	26.6	11	48	11	48
002706b_.mid	27.6	350	150		150
002806b_.mid	28.6	124	88	124	88
002806b_.mid	28.6	124	23	124	23
002908b_.mid	29.8	272	116	270	116
002908ch.mid	29.8ch		116		
003006b_.mid	30.6	103		101	76
003006bv.mid	30.6v		76		
003109b_.mid	31.9	357		353	
003109b_.mid	31.9ch				
003206b_.mid	32.6	102	29	102	29
003306b_.mid	33.6	16	13	17	13
003604b2.mid	36(2).4	377	85	376	305
003604b2.mid	36(2).4	377	85	376	86
003604b2.mid	36(2).4	377	195	376	195
003608b2.mid	36(2).8	264	28	264	28
003706b_.mid	37.6	178	340	174	341
003806b_.mid	38.6	31	10	31	10
003907b_.mid	39.7	104		103	67
003907bv.mid	39.7v		67		
004003b_.mid	40.3	379	320	379	321
004006b_.mid	40.6	305	142	305	142
004008b_.mid	40.8	105	8	106	8
004106b_.mid	41.6	204		209	
004106bs.mid	41.6s		11		11
004207b_.mid	42.7	322	259	321	259
004207b_.mid	42.7	322	91	321	91
004207b_.mid	42.7	322	91	321	91
004207b_.mid	42.7	322	259	321	259
004311b_.mid	43.11	81	102	82	102
004407b_.mid	44.7	296	354	290	355
004507b_.mid	45.7	278	84	278	85
004606bs.mid	46.6s		81		82
004705b_.mid	47.5	333	94	331	94
004803b_.mid	48.3	4	279	3	279
004807b_.mid	48.7	144	266	139	266
005206b_.mid	52.6	212		185	
005505b_.mid	55.5	362	95	368	95
005605b_.mid	56.5	72	86	72	87
005708b_.mid	57.8	231	90	227	90
005903b_.mid	59.3	220		218	
006005b_.mid	60.5	91	216	92	216
006206b_.mid	62.6	265		265	
006206bv.mid	62.6v		170		170
006402b_.mid	64.2	108	160	108	160
006402bv.mid	64.2v			109	
006404b_.mid	64.4	280	255	279	255
006404b_.mid	64.4v	281		280	
006408b_.mid	64.8	200	138	201	138
006502b_.mid	65.2	302	12	302	12
006507b_.mid	65.7	346	41	343	41
006606b_.mid	66.6	37		34	
006704b_.mid	67.4	83		84	
006707b_.mid	67.7	68	42	69	42
006906b_.mid	69.6	97	332	96	333
006906ba.mid	69a.6			339	293
006906bav.mid	69a.6v		292		
007007b_.mid	70.7	98		104	
007011b_.mid	70.11	243	347	241	348
007011ch.mid	70.11ch		347		
007206b_.mid	72.6	344		344	
007305b_.mid	73.5	328		325	
007305bv.mid	73.5v		191		191
007408b_.mid	74.8	223	369	220	370
007706b_.mid	77.6	6	253	6	253
007807b_.mid	78.7	188	296	190	297
007903b_.mid	79.3	259		257	
007906b_.mid	79.6	267		266	
008008b_.mid	80.8	76	273	75	273
008107b_.mid	81.7	197	323	202	324
008305b_.mid	83.5	250	324	249	325
008405b_.mid	84.5	373	112	361	112
008506b_.mid	85.6	216	122	189	122
008606b_.mid	86.6	86	4	88	4
008707b_.mid	87.7	201	96	203	96
008807b_.mid	88.7	368	104	362	104
008906b_.mid	89.6	26	281	26	281
009005b_.mid	90.5	319	267	316	267
009106b_.mid	91.6	109	53	110	
009106ch.mid	91.6	109	53	110	51
009209b_.mid	92.9	347		345	
009307b_.mid	93.7	369		363	
009408b_.mid	94.8	281	290	280	291
009507b_.mid	95.7	356		354	
009606b_.mid	96.6	128	302	126	303
009709b_.mid	97.9	297		291	
009709ch.mid	97.9ch				
009906b_.mid	99.6	341		340	
010107b_.mid	101.7	318		317	292
010107bv.mid	101.7v		291		
010207b_.mid	102.7	320	110	318	110
010306b_.mid	103.6	348	120	346	120
010306b_.mid	103.6	348	348	346	349
010406b_.mid	104.6	13	325	14	326
010406bv.mid	104.6v		125		
010406bv.mid	104.6v		125		125
010506b_.mid	105.6			191	
010806b_.mid	108.6	224	46	221	45
011007b_.mid	110.7	380	57	380	55
011106b_.mid	111.6	345		347	
011205b_.mid	112.5	14	312	15	313
011205b_.mid	112.5	14	352	15	353
011308b_.mid	113.8	142	293	140	294
011407b_.mid	114.7	386	300	383	301
011506b_.mid	115.6	312		313	
011506bv.mid	115.6v		38		38
011606b_.mid	116.6	69		70	
011704b_.mid	117.4	90		89	
011704v1.mid	117.4v1		248		248
011704v2.mid	117.4v2		353		354
011709b_.mid	117.9	90		89	
011909b_.mid	119.9	134		131	
012006b_.mid	120.6	135		132	
012008ba.mid	120a.8	230		228	
012106b_.mid	121.6	42	55	46	56
012206b_.mid	122.6	57	52	58	53
012206b_.mid	122.6	57	178	58	178
012306b_.mid	123.6	229	194	225	194
012406b_.mid	124.6	246		242	
012506b_.mid	125.6	251		250	
012606b_.mid	126.6	321		322	
012606b_.mid	126.6	321		322	
012606bv.mid	126.6v		215		
012606bv.mid	126.6v		215		
012705b_.mid	127.5	147	283.1	144	284
012805b_.mid	128.5	279		281	
013006b_.mid	130.6	131		128	
013306b_.mid	133.6	181	61	179	60
013506b_.mid	135.6	156		154	
013606b_.mid	136.6	27	330	27	331
013705b_.mid	137.5	230		228	
013705ch.mid	137.5ch				
013906b_.mid	139.6	238		234	
014007b_.mid	140.7	329	179	329	179
014403b_.mid	144.3	338	64	341	65
014406b_.mid	144.6	343	265	348	265
014500ba.mid	145a	209	337	214	338
014505b_.mid	145.5	84		85	17
014505bv.mid	145.5v		17		
014608b_.mid	146.8	360		369	
014806b_.mid	148.6	29		28	
014806bv.mid	148.6v		25		25
014907b_.mid	149.7	155		150	
014907ch.mid	149.7	155		150	
015105b_.mid	151.5	235	54	230	54
015301b_.mid	153.1	5	3	7	3
015305b_.mid	153.5	160	21	155	21
015309b_.mid	153.9	9	217	9	217
015403b_.mid	154.3	365	233	370	233
015408b_.mid	154.8	244	152	243	152
015505b_.mid	155.5	88	334	90	335
015606b_.mid	156.6	150	316	148	317
015705b_.mid	157.5	245		244	
015804b_.mid	158.4	40	261	37	261
015804bv.mid	158.4v	40		38	
015905b_.mid	159.5	194	59	198	61
016106b_.mid	161.6	161	270	156	270
016206b_.mid	162.6	18		12	
016406b_.mid	164.6	127	101	127	101
016506b_.mid	165.6	266		267	
016606b_.mid	166.6	372	204	364	204
016806b_.mid	168.6	143	92	141	92
016907b_.mid	169.7	256	97	254	97
017106b_.mid	171.6	204		209	
017206b_.mid	172.6	376	322	377	323
017206ch.mid	172.6ch		322		
017206vn.mid	172.6vln		322		
017405b_.mid	174.5	153	56	151	58
017507b_.mid	175.7	220		218	
017507ch.mid	175.7ch				
017606b_.mid	176.6	45	119	42	119
017705b_.mid	177.5	183		181	
017705bv.mid	177.5v		71		
017807b_.mid	178.7	384		384	
017906b_.mid	179.6	371	338	365	339
018007b_.mid	180.7	304		304	
018007bv.mid	180.7v		22		22
018305b_.mid	183.5	126	123	125	123
018405b_.mid	184.5	283		283	
018405bv.mid	184.5v		14		14
018506b_.mid	185.6	184		182	
018707b_.mid	187.7	308	109	309	109
018806b_.mid	188.6	25		29	
019007b_.mid	190.7	205	326	210	327
019007ch.mid	190.7ch		326		
019406b_.mid	194.6	100	256	105	256
019406bv.mid	194.6v		63		64
019412b_.mid	194.12	268	93	268	93
019412b_.mid	194.12	268	257	268	257
019506b_.mid	195.6	236		231	
019705b_.mid	197.5	255	83	255	84
019707ba.mid	197a.7		311		
019710b_.mid	197.10	370	66	366	62
022602b_.mid	226.2	221		219	69
022602bv.mid	226.2v		69		
022701b_.mid	227.1	196		204	263
022703b_.mid	227.3	198		205	
022707b_.mid	227.7	199	283	206	283
022711b_.mid	227.11	196	263	204	263
022902b_.mid	229.2	222			
024403b_.mid	244.3	166	78	164	78
024410b_.mid	244.10	294	117	292	117
024415b_.mid	244.15	163		158	
024415bv.mid	244.15v		98		98
024417b_.mid	244.17				
024425b_.mid	244.25	342	115	349	115
024429bb.mid	244b.29	247		245	
024432b_.mid	244.32	213	118	186	118
024437b_.mid	244.37	292	50	293	50
024440b_.mid	244.40	361	121	371	121
024444b_.mid	244.44	159	87	157	80
024446b_.mid	244.46	167	105	165	105
024454b_.mid	244.54	162	74	159	74
024462b_.mid	244.62	164		160	
024462bv.mid	244.62v		89		89
024503b_.mid	245.3	168	58	167	59
024505b_.mid	245.5	317		320	
024511b_.mid	245.11	293	62	294	63
024514b_.mid	245.14	192	82	200	83
024515b_.mid	245.15	49	80	49	81
024517b_.mid	245.17	169	111	166	111
024522b_.mid	245.22	239	309	235	310
024526b_.mid	245.26	315	108	314	108
024528b_.mid	245.28	193	106	199	106
024537b_.mid	245.37	50	113	50	113
024540b_.mid	245.40	154	107	152	107
024805b1.mid	248(1).5	165	344	161	345
024809b1.mid	248(1).9			323	46
024809bs.mid	248(1).9s		45		
024812b2.mid	248(2).12	80	9	83	9
024812b2.mid	248(2).12	80	360	83	361
024817b2.mid	248(2).17	323		324	
024823bs.mid	248(2).23s		343		344
024828b3.mid	248(3).28	110		111	
024833b3.mid	248(3).33	335	139	334	139
024835b3.mid	248(3).35	381	359	381	360
024842bs.mid	248(4).42s		367		368
024846b5.mid	248(5).46	214	77	187	77
024853b5.mid	248(5).53	114	34	116	35
024859b6.mid	248(5).59	263	361	261	362
024864bs.mid	248(6).64s				
025000b_.mid	250	339	346	342	347
025100b_.mid	251	89	328	91	329
025200b_.mid	252	258	329	258	330
025300b_.mid	253	1	177	1	177
025400b_.mid	254	2	186	2	186
025500b_.mid	255	3	40	4	40
025600b_.mid	256	385	31	385	31
025700b_.mid	257	388	284	386	285
025800b_.mid	258	383	335	387	336
025900b_.mid	259	10	39	10	39
026000b_.mid	260	12	249	16	249
026100b_.mid	261	15	358	18	359
026200b_.mid	262	17	153	13	153
026300b_.mid	263	19	128	19	128
026400b_.mid	264	20	159	20	159
026500b_.mid	265	21	180	21	180
026600b_.mid	266	22	208	22	208
026700b_.mid	267	23	5	23	5
026700ba.mid	267a	23	308	23	309
026800b_.mid	268	24	124	24	124
026900b_.mid	269	30	1	30	1
027000b_.mid	270	157	285	162	286
027100b_.mid	271	158	366	163	367
027200b_.mid	272	32	339	32	340
027300b_.mid	273	33	230	33	230
027400b_.mid	274	34	245	44	245
027500b_.mid	275	35	210	45	210
027600b_.mid	276	36	197	35	197
027700b_.mid	277	38	15	39	15
027800b_.mid	278	39	370	40	371
027900b_.mid	279	40	261	37	261
028000b_.mid	280	43	65	43	66
028100b_.mid	281	46	7	47	6
028200b_.mid	282	47	315	48	316
028300b_.mid	283	48	198	51	198
028300b_.mid	283	48	306	51	307
028400b_.mid	284	51	200	52	200
028500b_.mid	285	52	196	53	196
028600b_.mid	286	53	228	55	228
028700b_.mid	287	54	310	54	311
028800b_.mid	288	55	162	56	162
028900b_.mid	289	56	313	57	314
029000b_.mid	290	58	224	59	224
029100b_.mid	291	59	75	60	75
029200b_.mid	292	60	239	61	239
029300b_.mid	293	61	154	62	154
029400b_.mid	294	62	158	63	158
029500b_.mid	295	63	207	64	207
029600b_.mid	296	64	231	65	231
029700b_.mid	297	65	232	66	232
029800b_.mid	298	66	127	67	127
029900b_.mid	299	67	209	68	209
030000b_.mid	300	70	164	71	167
030100b_.mid	301	71	137	73	134
030200b_.mid	302	74	20	76	20
030300b_.mid	303	75	250	77	250
030400b_.mid	304	77	280	78	280
030500b_.mid	305	78	33	79	34
030600b_.mid	306	85	176	86	176
030700b_.mid	307	262	260	262	260
030800b_.mid	308	92	27	93	27
030900b_.mid	309	93	166	94	166
031000b_.mid	310	94	238	95	238
031100b_.mid	311	95	16	97	16
031200b_.mid	312	96	351	98	352
031300b_.mid	313	106	163	107	163
031400b_.mid	314	107	287	112	288
031500b_.mid	315	111	271	113	271
031600b_.mid	316	112	225	114	225
031700b_.mid	317	113	134	115	135
031800b_.mid	318	115	18	120	18
031900b_.mid	319	116	181	117	181
032000b_.mid	320	117	234	118	234
032100b_.mid	321	118	192	121	192
032200b_.mid	322	119	70	119	70
032300b_.mid	323	120	319	239	320
032400b_.mid	324	121	130	240	130
032500b_.mid	325	123	235	122	235
032500b_.mid	325	123	318	122	319
032600b_.mid	326	129	167	129	164
032700b_.mid	327	132	333	130	334
032800b_.mid	328	133	205	133	205
032900b_.mid	329	136	212	134	212
033000b_.mid	330	137	35	135	33
033100b_.mid	331	138	286	136	287
033200b_.mid	332	139	136	137	136
033300b_.mid	333	140	226	138	226
033400b_.mid	334	141	73	142	73
033500b_.mid	335	145	236	143	295
033500bv.mid	335v		294		
033600b_.mid	336	146	189	145	189
033700b_.mid	337	148	190	146	190
033800b_.mid	338	149	221	147	221
033900b_.mid	339	151	144	149	318
033900b_.mid	339	151	144	149	144
034000b_.mid	340	152	277	153	277
034100b_.mid	341	170	168	168	168
034200b_.mid	342	171	79	169	79
034300b_.mid	343	172	301	170	302
034300b_.mid	343	172	199	170	199
034400b_.mid	344	173	155	171	155
034500b_.mid	345	174	251	172	251
034600b_.mid	346	175	223	173	223
034700b_.mid	347	176	2	175	2
034800b_.mid	348	177	272	176	272
034900b_.mid	349	179	188	177	188
035000b_.mid	350	180	229	178	229
035100b_.mid	351	182	19	180	19
035200b_.mid	352	185	37	192	37
035300b_.mid	353	186	269	193	269
035400b_.mid	354	187	368	194	369
035500b_.mid	355	189	169	195	169
035600b_.mid	356	190	243	196	243
035700b_.mid	357	191	244	197	244
035800b_.mid	358	195	355	207	356
035900b_.mid	359	363	364	372	365
036000b_.mid	360	364	349	373	350
036100b_.mid	361	202	264	208	264
036200b_.mid	362	203	252	211	252
036300b_.mid	363	206	30	212	30
036400b_.mid	364	207	174	213	174
036500b_.mid	365	208	175	215	175
036600b_.mid	366	210	161	183	161
036700b_.mid	367	211	140	184	140
036800b_.mid	368	215	143	188	143
036900b_.mid	369	217	129	216	129
037000b_.mid	370	218	187	217	187
037100b_.mid	371	225	132	222	132
037200b_.mid	372	226	218	223	218
037300b_.mid	373	228	131	226	131
037300bv.mid	373v		327		328
037400b_.mid	374	232	227	229	227
037500b_.mid	375	233	276	232	276
037600b_.mid	376	234	341	233	342
037700b_.mid	377	237	44	236	44
037800b_.mid	378	240	258	237	258
037900b_.mid	379	241	151	247	151
038000b_.mid	380	242	298	246	299
038100b_.mid	381	248	345	248	346
038200b_.mid	382	249	49	251	49
038300b_.mid	383	252	214	252	214
038400b_.mid	384	253	149	253	149
038500b_.mid	385	254	36	256	36
038600b_.mid	386	257	32	259	32
038700b_.mid	387	260	185	260	185
038800b_.mid	388	261	183	263	183
038900b_.mid	389	269	268	271	268
039000b_.mid	390	270	295	272	296
039100b_.mid	391	273	222	273	222
039200b_.mid	392	298	288	295	289
039300b_.mid	393	289	275	296	275
039400b_.mid	394	290	365	297	366
039500b_.mid	395	291	362	298	363
039600b_.mid	396	274	240	274	240
039700b_.mid	397	275	274	276	274
039800b_.mid	398	277	311	282	312
039900b_.mid	399	282	314	277	315
040000b_.mid	400	284	173	284	173
040100b_.mid	401	285	165	285	165
040200b_.mid	402	286	201	286	201
040200b_.mid	402	286	305	286	306
040300b_.mid	403	287	203	287	203
040400b_.mid	404	288	60	288	57
040400bv.mid	404v		3		
040500b_.mid	405	299	213	299	213
040600b_.mid	406	300	219	300	219
040700b_.mid	407	301	202	301	202
040800b_.mid	408	303	171	303	171
040900b_.mid	409	306	141	307	
040900b_.mid	409	306	141	306	
040900bv.mid	409v		5a	306	141
041000b_.mid	410	307	172	308	172
041100b_.mid	411	309	246	310	246
041200b_.mid	412	310	206	311	206
041300b_.mid	413	311	220	312	220
041400b_.mid	414	313	148		148
041500b_.mid	415	314	24	315	24
041600b_.mid	416	316	47	319	47
041700b_.mid	417	324	363	326	364
041800b_.mid	418	325	331	327	332
041900b_.mid	419	326	114	328	114
042000b_.mid	420	331	145	332	145
042100b_.mid	421	332	299	333	300
042200b_.mid	422	334	356	335	357
042300b_.mid	423	336	237	336	237
042400b_.mid	424	337	193	337	193
042500b_.mid	425	349	241	350	241
042600b_.mid	426	351	211	351	211
042700b_.mid	427	352	147	352	147
042800b_.mid	428	353	321	355	322
042900b_.mid	429	354	51	356	52
043000b_.mid	430	355	350	357	351
043100b_.mid	431	358	68	358	68
043200b_.mid	432	359	247	359	247
043300b_.mid	433	366	135	360	137
043400b_.mid	434	367	146	367	146
043500b_.mid	435	374	242	374	242
043600b_.mid	436	375	278	378	278
043700b_.mid	437	382	133	382	133
043800b_.mid	438	389	157	388	157
